15
0 0 0 0 0 0 0 1
0 0 0 0 0 0 0 3
0 0 0 0 0 0 3 3
0 0 0 0 0 0 0 3
0 0 0 0 0 1 1 1
0 0 0 0 0 1 1 1
0 0 0 1 1 3 1 1
0 0 0 2 1 3 1 2
0 0 0 0 0 5 3 5
0 0 0 0 0 3 7 3
0 0 0 0 0 0 1 5
0 0 0 0 0 2 9 2
0 0 0 0 0 0 1 3
0 0 0 2 1 1 1 2
0 0 0 0 0 0 1 5
15
0 0 0 0 0 0 0 0 0 0 0 0 0 0 0
0 0 0 0 0 0 0 0 0 0 0 0 0 0 0
0 0 0 0 0 0 0 0 0 0 0 0 0 0 0
0 0 0 0 0 0 0 0 0 0 0 0 0 0 0
0 0 0 0 0 0 0 0 0 0 0 0 0 0 0
0 0 0 0 1 0 3 0 3 0 1 0 0 0 0
8 6 3 3 5 1 7 2 7 1 5 3 3 6 8
1 1 3 5 1 6 1 12 1 6 1 5 3 1 1
0 0 0 0 0 0 0 1 0 0 0 0 0 0 0
0 0 0 0 0 0 1 1 1 0 0 0 0 0 0
0 0 0 0 1 1 1 0 1 1 1 0 0 0 0
0 0 0 0 0 0 1 1 1 0 0 0 0 0 0
1 0 0 0 0 0 0 1 0 0 0 0 0 0 1
1 0 0 0 0 0 0 1 0 0 0 0 0 0 1
1 0 0 1 0 0 1 1 1 0 0 1 0 0 1
1 1 0 1 0 0 1 1 1 0 0 1 0 1 1
1 1 1 1 1 0 1 1 1 0 1 1 1 1 1
1 1 1 0 1 1 1 1 1 1 1 0 1 1 1
1 1 1 1 1 1 1 1 1 1 1 1 1 1 1
1 1 0 1 1 1 1 1 1 1 1 1 0 1 1
0 1 1 1 1 1 1 1 1 1 1 1 1 1 0
0 0 1 1 0 1 0 1 0 1 0 1 1 0 0
1 1 1 1 1 1 1 1 1 1 1 1 1 1 1