15
0 0 0 0 0 0 0 6
0 0 0 0 0 0 2 7
0 0 0 0 0 0 6 5
0 0 0 0 0 0 3 8
0 0 0 0 0 1 2 2
0 0 0 0 0 0 3 2
0 0 0 0 0 1 4 2
0 0 0 0 0 0 3 9
0 0 0 0 0 1 2 7
0 0 0 0 0 0 3 4
0 0 0 0 0 1 3 1
0 0 0 0 0 0 2 8
0 0 0 0 0 0 7 5
0 0 0 0 0 0 2 8
0 0 0 0 0 0 0 7
15
0 0 0 0 0 0 0 0 0 0 0 0 0 0 0
0 0 0 0 0 0 0 0 0 0 0 0 0 0 0
0 0 0 0 0 0 0 0 0 0 0 0 0 0 0
0 0 0 0 0 0 0 2 0 0 0 0 0 0 0
0 0 0 0 1 0 0 2 0 0 0 0 0 0 0
0 2 3 2 1 3 4 2 10 4 3 0 0 0 0
2 1 3 1 1 1 2 1 1 5 4 3 3 7 0
2 2 2 2 1 3 3 4 2 4 5 7 7 2 7
0 0 0 0 1 1 1 1 1 1 0 0 0 0 0
0 0 1 1 0 1 1 1 1 1 1 1 0 0 0
0 1 1 1 1 1 1 0 1 1 1 1 1 0 0
1 1 1 0 0 0 1 1 1 1 1 1 1 1 0
1 0 0 0 0 0 0 1 1 0 0 0 1 1 0
0 0 0 0 0 0 0 0 1 1 1 0 0 1 1
0 0 1 0 0 0 0 1 1 1 1 0 0 1 1
0 1 1 1 0 0 1 1 1 1 1 1 1 1 1
0 0 1 0 0 1 1 0 1 1 1 1 1 1 1
0 0 0 0 0 0 0 1 1 1 0 1 1 1 1
1 0 0 0 0 0 0 0 0 0 1 1 1 0 1
1 1 0 0 0 0 0 1 1 1 1 1 1 1 1
0 1 1 1 1 1 1 1 0 1 1 1 1 1 0
0 0 1 1 0 1 1 1 1 1 1 1 1 0 0
0 0 0 0 1 1 1 1 1 1 1 0 0 0 0