15
0 0 0 0 0 0 0 3
0 0 0 0 0 0 0 5
0 0 0 0 0 0 0 6
0 0 0 0 0 0 0 6
0 0 0 0 0 0 0 6
0 0 0 0 0 3 4 3
0 0 0 0 0 5 2 5
0 0 0 0 0 0 1 5
0 0 0 0 0 0 6 8
0 0 0 0 0 4 2 4
0 0 0 0 0 0 0 2
0 0 0 0 0 0 0 2
0 0 0 0 0 0 0 4
0 0 0 0 0 0 0 5
0 0 0 0 0 0 0 9
15
0 0 0 0 0 0 0 0 0 0 0 0 0 0 0
0 0 0 0 0 0 0 0 0 0 0 0 0 0 0
0 0 0 0 0 0 0 0 0 0 0 0 0 0 0
0 0 0 0 0 0 0 0 0 0 0 0 0 0 0
0 0 0 0 0 0 0 0 0 0 0 0 0 0 0
0 0 0 0 0 3 5 0 0 6 4 0 0 0 0
0 0 0 5 5 3 1 0 0 2 4 5 0 0 0
2 4 5 1 1 2 3 15 15 3 1 1 5 5 3
0 0 0 0 0 0 0 1 1 1 0 0 0 0 0
0 0 0 0 0 0 1 1 1 1 1 0 0 0 0
0 0 0 0 0 1 1 1 1 1 1 0 0 0 0
0 0 0 0 0 1 1 1 1 1 1 0 0 0 0
0 0 0 0 0 1 1 1 1 1 1 0 0 0 0
0 0 1 1 1 0 1 1 1 1 0 1 1 1 0
0 1 1 1 1 1 0 1 1 0 1 1 1 1 1
1 1 1 1 1 1 1 1 1 1 1 1 1 1 1
1 1 1 1 1 1 0 1 1 1 1 1 1 1 1
0 1 1 1 1 0 0 1 1 0 1 1 1 1 0
0 0 0 0 0 0 0 1 1 0 0 0 0 0 0
0 0 0 0 0 0 0 1 1 0 0 0 0 0 0
0 0 0 0 0 0 1 1 1 1 0 0 0 0 0
0 0 0 0 0 1 1 1 1 1 0 0 0 0 0
0 0 0 1 1 1 1 1 1 1 1 1 0 0 0